
numv<-c(10.5,11.5)
numv